Cache Timing Analysis
====================

Overall Statistics:
  Min access time: 108 cycles
  Max access time: 137952 cycles
  Mean access time: 356.03 cycles
  Median access time: 332.00 cycles
  Std dev of access times: 389.75 cycles

Potential cache hit/miss threshold: 105260.00 cycles
  Values below this are likely cache hits
  Values above this are likely cache misses

Statistics by Address:
Address,Mean,Median,StdDev,Min,Max
0,338.82,320.00,82.47,280,1172
64,379.25,328.00,861.32,300,27428
128,336.82,316.00,82.77,188,1008
192,348.58,328.00,88.78,300,1052
256,342.81,324.00,81.90,296,1092
320,347.93,328.00,89.83,208,1128
384,354.16,336.00,83.25,308,1356
448,348.68,328.00,94.09,248,1204
512,340.84,320.00,86.55,276,1024
576,348.39,328.00,90.37,300,1272
640,341.18,320.00,90.81,268,1052
704,353.48,328.00,100.37,228,1112
768,342.97,324.00,87.00,276,1328
832,353.92,328.00,98.73,300,1096
896,357.19,320.00,489.04,160,15548
960,349.97,328.00,88.18,300,1052
1024,363.38,340.00,93.88,308,1104
1088,340.37,324.00,78.65,292,1104
1152,343.87,324.00,89.46,268,1156
1216,351.71,328.00,97.80,264,1368
1280,367.23,324.00,746.08,292,23776
1344,361.35,340.00,94.48,308,1104
1408,349.98,324.00,98.80,276,1444
1472,355.78,336.00,87.39,164,1060
1536,355.78,328.00,108.59,136,1084
1600,344.36,320.00,103.10,232,1168
1664,342.88,328.00,62.84,300,1124
1728,343.17,316.00,103.14,240,1348
1792,349.02,328.00,87.93,300,1256
1856,346.26,324.00,89.78,296,1028
1920,344.70,328.00,74.05,300,996
1984,337.61,316.00,82.68,256,1236
2048,359.94,324.00,532.69,296,16964
2112,358.05,340.00,79.82,312,1124
2176,349.87,328.00,92.01,160,1096
2240,346.95,324.00,89.41,264,1048
2304,358.99,340.00,86.39,308,1040
2368,342.98,324.00,87.53,244,1040
2432,351.44,328.00,97.44,264,1232
2496,337.84,316.00,85.69,264,1044
2560,373.77,328.00,725.94,272,23116
2624,362.02,336.00,101.31,308,1060
2688,348.84,328.00,90.01,300,1392
2752,345.85,324.00,95.59,296,1328
2816,350.25,328.00,86.94,300,1040
2880,338.27,320.00,81.85,260,1100
2944,346.16,324.00,84.05,268,1036
3008,368.88,332.00,541.80,240,17324
3072,373.44,340.00,584.64,308,18704
3136,348.68,324.00,98.24,288,1244
3200,356.20,328.00,101.57,276,1064
3264,340.56,316.00,92.69,288,1084
3328,342.07,324.00,81.46,292,1136
3392,362.28,336.00,98.47,308,1480
3456,365.94,348.00,88.97,276,1108
3520,345.79,336.00,67.90,268,1008
3584,346.69,328.00,84.88,288,1084
3648,359.87,336.00,89.53,296,1020
3712,342.45,328.00,71.28,288,1076
3776,354.62,340.00,75.29,284,1096
3840,349.37,332.00,85.79,152,1496
3904,356.24,340.00,86.26,284,1040
3968,362.01,332.00,427.30,172,13640
4032,369.34,348.00,87.21,308,1116
4096,357.98,344.00,73.60,256,1236
4160,362.19,336.00,106.91,300,1196
4224,367.88,348.00,87.61,160,1028
4288,349.88,332.00,86.14,288,1436
4352,391.33,328.00,905.34,268,22312
4416,361.20,340.00,94.04,300,1096
4480,347.63,328.00,95.23,224,1200
4544,385.72,336.00,832.22,276,26504
4608,361.66,344.00,79.83,308,1052
4672,350.33,336.00,78.82,280,1052
4736,371.59,336.00,487.24,140,15440
4800,352.83,336.00,79.98,232,1116
4864,348.22,328.00,89.34,256,1008
4928,377.73,340.00,577.43,272,18364
4992,364.35,344.00,91.74,280,1208
5056,356.28,336.00,87.94,128,1064
5120,347.42,328.00,88.53,264,1132
5184,357.81,336.00,88.10,132,1024
5248,371.98,328.00,745.37,268,23740
5312,360.59,340.00,100.96,140,1344
5376,347.02,332.00,65.39,276,1020
5440,358.03,340.00,90.19,300,1152
5504,355.19,340.00,86.98,188,1352
5568,348.29,328.00,87.94,264,1092
5632,349.43,336.00,70.16,172,1112
5696,361.05,344.00,78.11,308,1052
5760,359.58,340.00,93.15,276,1108
5824,353.04,336.00,86.98,296,1016
5888,357.21,340.00,87.05,300,1252
5952,350.68,328.00,101.01,272,1556
6016,352.80,332.00,95.12,240,1036
6080,376.02,348.00,111.45,292,1520
6144,355.36,336.00,82.82,300,1024
6208,346.74,328.00,88.19,244,1064
6272,372.14,348.00,99.23,200,1236
6336,353.47,332.00,94.84,204,1020
6400,357.34,340.00,91.63,300,1304
6464,352.92,336.00,94.40,272,1280
6528,375.73,336.00,770.88,300,24640
6592,368.18,344.00,94.55,284,1056
6656,353.58,336.00,78.00,300,1100
6720,350.18,328.00,99.79,284,1348
6784,355.06,340.00,79.57,276,1028
6848,346.93,328.00,90.32,288,992
6912,376.14,336.00,706.34,200,22544
6976,356.91,336.00,92.89,268,1084
7040,371.43,348.00,95.53,308,1040
7104,349.98,332.00,90.93,292,1320
7168,353.84,336.00,79.73,168,1100
7232,364.98,344.00,85.81,308,1032
7296,352.22,332.00,93.19,276,1208
7360,368.99,348.00,84.95,296,1076
7424,354.14,340.00,76.69,300,992
7488,346.19,328.00,95.71,264,1192
7552,343.22,328.00,75.09,288,1004
7616,355.04,340.00,76.36,300,964
7680,348.94,336.00,77.14,296,1072
7744,361.40,340.00,96.39,140,1400
7808,362.12,348.00,78.93,308,1392
7872,354.84,336.00,84.07,236,1036
7936,339.40,328.00,60.65,288,984
8000,349.84,336.00,67.77,300,1048
8064,365.12,332.00,396.82,296,12608
8128,357.89,340.00,87.66,284,1092
8192,345.43,328.00,88.05,276,1092
8256,377.49,340.00,498.86,212,15840
8320,342.78,328.00,68.52,256,948
8384,361.22,340.00,93.59,300,1040
8448,367.76,344.00,98.02,280,1168
8512,359.22,336.00,97.60,144,1324
8576,350.36,336.00,82.44,268,1036
8640,354.09,338.00,79.39,272,1044
8704,356.64,328.00,459.18,288,14684
8768,369.32,340.00,424.82,140,13536
8832,343.05,328.00,81.26,224,1148
8896,359.91,340.00,95.79,272,1376
8960,365.75,348.00,92.14,308,1048
9024,355.60,340.00,84.80,276,1032
9088,376.45,332.00,663.10,224,21092
9152,367.41,348.00,86.21,232,1080
9216,354.31,336.00,93.20,212,1344
9280,357.18,336.00,87.90,300,1056
9344,372.24,348.00,107.61,276,1720
9408,356.54,332.00,99.07,264,1024
9472,346.87,328.00,87.82,212,1100
9536,356.63,336.00,84.14,276,1032
9600,353.76,336.00,79.11,272,996
9664,356.18,332.00,97.48,240,1116
9728,356.04,340.00,82.32,152,1140
9792,341.68,328.00,73.32,288,1224
9856,356.77,340.00,86.93,140,1024
9920,347.16,328.00,88.72,260,1016
9984,352.61,336.00,81.02,268,1028
10048,368.61,348.00,97.14,276,1208
10112,369.15,348.00,88.44,284,1032
10176,353.13,332.00,93.36,232,1132
10240,360.56,338.00,97.47,300,1312
10304,351.45,332.00,89.24,296,1304
10368,350.72,336.00,83.56,264,1044
10432,363.68,348.00,78.06,288,1064
10496,357.73,336.00,91.06,280,1028
10560,350.34,328.00,97.19,260,1188
10624,355.32,340.00,81.47,300,1104
10688,349.86,328.00,95.52,196,1324
10752,385.13,336.00,703.59,300,17132
10816,353.50,332.00,96.39,296,1228
10880,369.75,336.00,465.42,204,14800
10944,370.61,348.00,101.92,176,1104
11008,358.27,336.00,92.06,268,1104
11072,363.94,328.00,508.10,212,16156
11136,348.88,332.00,81.08,264,1264
11200,368.01,348.00,88.07,304,1040
11264,359.89,340.00,89.44,300,1172
11328,344.04,328.00,78.63,288,988
11392,367.71,348.00,85.66,204,1044
11456,408.44,336.00,1776.96,288,56508
11520,355.54,336.00,86.07,208,1032
11584,368.38,344.00,98.79,288,1092
11648,369.36,348.00,90.99,288,1044
11712,351.12,332.00,86.22,276,1064
11776,357.09,336.00,99.21,156,1552
11840,365.42,344.00,89.81,136,1036
11904,368.56,332.00,554.59,292,17696
11968,367.16,348.00,87.27,256,1116
12032,385.66,340.00,762.39,300,24284
12096,347.48,328.00,81.90,288,1016
12160,354.18,336.00,96.83,300,1856
12224,367.15,344.00,94.71,308,1164
12288,359.12,340.00,95.21,300,1332
12352,352.10,328.00,97.72,272,1100
12416,355.30,340.00,68.14,192,944
12480,346.80,328.00,86.28,168,1016
12544,355.77,340.00,84.30,300,1096
12608,489.87,336.00,4216.12,268,133716
12672,352.64,332.00,85.71,220,1120
12736,363.43,348.00,76.44,260,1056
12800,360.73,336.00,95.42,300,1380
12864,364.98,328.00,630.16,200,20104
12928,364.34,352.00,74.59,280,1124
12992,352.61,336.00,86.68,276,1028
13056,376.42,340.00,651.60,300,20788
13120,348.74,332.00,78.73,296,1016
13184,354.25,340.00,76.77,300,1016
13248,364.01,328.00,616.75,288,19672
13312,352.00,336.00,70.67,200,1028
13376,378.69,344.00,469.68,276,14996
13440,358.07,338.00,87.88,300,1184
13504,359.95,332.00,112.86,292,1468
13568,359.47,340.00,95.02,300,1116
13632,354.32,328.00,105.29,164,1096
13696,365.64,348.00,88.96,308,1164
13760,360.64,340.00,103.17,220,1084
13824,344.40,328.00,79.19,288,972
13888,382.03,336.00,631.34,148,20068
13952,348.71,328.00,92.08,196,1104
14016,360.96,340.00,100.97,176,1360
14080,351.69,332.00,85.67,296,1116
14144,357.83,336.00,91.73,300,1028
14208,345.65,328.00,83.02,288,1088
14272,363.27,336.00,110.86,300,1476
14336,359.13,344.00,74.06,308,1224
14400,395.42,336.00,944.91,300,26388
14464,371.95,336.00,585.34,296,18672
14528,362.35,340.00,102.51,216,1116
14592,345.07,328.00,80.00,288,1004
14656,360.57,340.00,96.13,300,1112
14720,363.53,332.00,477.86,264,15252
14784,371.90,348.00,97.44,308,1100
14848,367.72,344.00,95.24,308,1112
14912,371.31,336.00,620.55,292,19852
14976,364.12,348.00,79.82,284,1180
15040,347.59,332.00,75.93,272,1088
15104,345.84,328.00,79.90,288,1084
15168,378.99,340.00,633.44,300,20208
15232,361.15,344.00,77.37,308,1276
15296,363.49,336.00,111.83,300,1224
15360,389.90,328.00,804.88,228,22292
15424,363.90,340.00,108.91,300,1140
15488,342.42,328.00,78.37,288,1028
15552,359.70,340.00,93.26,300,1120
15616,357.40,336.00,99.24,292,1020
15680,357.48,340.00,95.42,272,1424
15744,392.59,328.00,984.72,300,23036
15808,358.94,332.00,98.32,140,1048
15872,386.34,328.00,902.70,300,22776
15936,342.46,320.00,97.07,200,1020
16000,372.24,328.00,891.17,220,28452
16064,338.19,316.00,90.09,288,1172
16128,343.37,328.00,66.12,300,984
16192,348.02,324.00,97.70,276,1068
16256,343.53,328.00,68.09,300,1008
16320,342.48,316.00,97.86,288,1096
16384,345.40,324.00,83.93,300,1032
16448,359.14,336.00,92.70,308,1104
16512,347.56,328.00,80.40,272,1016
16576,341.79,324.00,83.19,276,1104
16640,350.24,328.00,87.19,300,1060
16704,341.85,320.00,88.68,288,948
16768,345.94,328.00,83.91,300,1068
16832,338.26,316.00,90.65,228,1044
16896,341.23,324.00,77.19,160,1056
16960,358.97,340.00,89.28,308,1424
17024,371.55,328.00,648.52,300,20652
17088,349.64,324.00,101.78,296,1024
17152,358.94,340.00,82.31,308,1028
17216,359.35,324.00,459.45,272,14592
17280,343.56,324.00,74.70,272,996
17344,360.08,336.00,97.40,308,1344
17408,350.82,328.00,95.78,204,1048
17472,345.07,320.00,98.52,288,1004
17536,353.40,328.00,90.02,280,1012
17600,346.28,320.00,105.80,272,1108
17664,353.30,328.00,97.75,152,1324
17728,363.38,324.00,543.38,196,17296
17792,335.68,320.00,71.32,288,1024
17856,350.94,328.00,95.45,300,1176
17920,358.97,340.00,88.63,308,1448
17984,341.77,324.00,81.80,296,1032
18048,345.78,324.00,93.75,296,1048
18112,346.60,324.00,83.04,300,1048
18176,342.32,324.00,80.03,292,1020
18240,363.49,340.00,97.26,308,1248
18304,354.67,336.00,81.86,228,1028
18368,352.26,328.00,93.20,300,1004
18432,339.80,320.00,83.87,288,1020
18496,349.28,328.00,91.72,184,1312
18560,338.74,320.00,80.13,268,1092
18624,355.31,328.00,102.64,272,1132
18688,365.61,324.00,623.94,268,19896
18752,349.66,328.00,97.15,140,1056
18816,356.32,336.00,91.64,184,1140
18880,347.55,328.00,85.12,280,1072
18944,409.52,324.00,2096.54,292,66620
19008,360.61,340.00,89.61,308,1284
19072,343.68,320.00,104.65,268,1300
19136,353.41,328.00,99.01,268,1356
19200,362.46,340.00,89.05,308,1052
19264,347.89,324.00,98.34,292,1120
19328,345.05,318.00,104.92,208,1076
19392,351.06,328.00,94.56,300,1192
19456,384.10,336.00,799.09,272,25464
19520,350.47,324.00,94.67,300,1040
19584,345.22,324.00,84.99,296,1104
19648,366.42,328.00,589.26,300,18800
19712,356.63,316.00,559.89,280,17840
19776,350.88,328.00,93.85,300,1404
19840,338.53,316.00,87.05,268,1012
19904,346.28,328.00,75.90,140,1068
19968,357.71,340.00,81.73,304,1112
20032,341.18,324.00,83.95,204,1016
20096,359.91,336.00,97.51,284,1300
20160,348.21,328.00,92.33,208,1104
20224,343.32,324.00,85.81,280,1032
20288,356.88,340.00,79.64,172,1084
20352,343.81,324.00,88.05,296,1012
20416,344.42,328.00,74.26,140,968
20480,354.48,316.00,561.20,288,17892
20544,347.37,328.00,77.83,300,1024
20608,339.62,316.00,88.35,260,1064
20672,352.05,328.00,92.21,280,1088
20736,373.40,336.00,442.14,308,14052
20800,371.32,328.00,615.76,300,19580
20864,346.01,324.00,92.19,264,1104
20928,355.26,328.00,103.34,300,1264
20992,337.60,320.00,63.85,292,1008
21056,361.22,340.00,93.40,132,1452
21120,335.17,316.00,77.47,292,1180
21184,354.79,328.00,102.87,148,1136
21248,360.82,340.00,89.94,128,1040
21312,348.61,324.00,96.75,296,1048
21376,338.99,316.00,84.70,280,964
21440,350.12,328.00,86.65,164,1036
21504,347.56,324.00,95.94,296,1028
21568,347.83,328.00,84.87,140,1136
21632,357.54,336.00,87.55,308,1052
21696,365.17,328.00,593.46,280,18912
21760,336.30,320.00,84.15,184,1436
21824,352.50,328.00,92.29,192,1000
21888,364.87,328.00,577.29,208,18428
21952,346.76,324.00,92.32,296,1036
22016,345.80,328.00,78.06,156,1044
22080,343.84,316.00,98.19,212,1088
22144,345.55,328.00,81.16,300,1112
22208,340.04,320.00,88.03,288,1016
22272,348.08,328.00,84.07,300,1024
22336,357.43,336.00,89.08,308,1044
22400,356.06,328.00,100.13,300,1040
22464,340.81,316.00,90.10,288,1024
22528,352.04,328.00,94.14,300,1104
22592,347.98,324.00,91.12,296,1016
22656,348.08,328.00,85.83,300,1064
22720,356.33,336.00,88.59,308,1124
22784,351.52,328.00,166.56,300,4964
22848,335.64,316.00,74.41,160,988
22912,349.70,328.00,83.99,300,1032
22976,337.96,320.00,80.09,288,1044
23040,342.09,324.00,84.28,292,1056
23104,364.53,340.00,97.29,308,1376
23168,343.30,326.00,75.91,176,1032
23232,379.12,336.00,635.14,308,20236
23296,363.82,340.00,95.29,232,1112
23360,365.15,324.00,620.18,136,19720
23424,342.95,328.00,72.34,176,1032
23488,371.46,324.00,720.89,296,22944
23552,359.37,328.00,442.54,300,14140
23616,356.13,316.00,477.58,288,15104
23680,346.82,328.00,78.40,300,1016
23744,338.93,316.00,94.01,232,1172
23808,350.44,328.00,94.26,272,1156
23872,371.56,336.00,446.44,308,14204
23936,350.46,328.00,92.86,300,1068
24000,339.88,318.00,86.58,288,1012
24064,351.72,328.00,102.22,156,1468
24128,357.79,336.00,88.51,276,1108
24192,348.76,328.00,90.03,140,1048
24256,349.81,324.00,97.78,192,1092
24320,355.16,328.00,101.12,300,1056
24384,346.58,320.00,108.67,288,1372
24448,340.32,324.00,71.82,220,1104
24512,358.98,336.00,86.57,308,1084
24576,352.26,328.00,97.13,212,1028
24640,340.93,320.00,93.34,272,1180
24704,359.68,338.00,88.42,300,1108
24768,341.57,324.00,82.86,276,1036
24832,345.64,328.00,77.35,276,1252
24896,335.02,324.00,58.80,284,972
24960,347.70,328.00,91.36,288,1176
25024,355.07,336.00,79.99,276,1196
25088,345.23,328.00,79.33,300,1116
25152,336.86,316.00,83.50,288,1040
25216,359.90,328.00,112.51,300,1136
25280,347.28,320.00,111.76,264,1172
25344,350.18,328.00,87.88,288,1016
25408,345.62,324.00,92.47,284,1136
25472,356.88,338.00,76.01,136,1028
25536,338.08,324.00,66.69,272,1024
25600,346.29,328.00,78.53,300,1004
25664,361.51,336.00,102.47,288,1528
25728,341.40,324.00,80.98,296,1028
25792,378.34,336.00,602.22,308,19192
25856,350.12,328.00,84.47,300,1044
25920,342.20,316.00,96.38,136,988
25984,359.53,336.00,100.24,308,1440
26048,351.20,328.00,101.55,300,1096
26112,336.98,316.00,90.99,292,1372
26176,352.50,328.00,96.90,180,1120
26240,336.40,316.00,81.18,288,1024
26304,351.39,328.00,91.52,300,1200
26368,346.52,324.00,90.83,296,1216
26432,352.98,328.00,100.72,300,1460
26496,336.46,316.00,77.30,256,1036
26560,366.64,328.00,687.03,272,21936
26624,349.50,336.00,62.39,308,1036
26688,369.52,324.00,707.57,172,22552
26752,340.64,324.00,78.84,200,1096
26816,348.29,328.00,85.20,284,1152
26880,339.06,316.00,93.88,268,1060
26944,351.02,328.00,92.54,300,1048
27008,342.40,320.00,94.89,288,1028
27072,375.35,328.00,662.25,148,21040
27136,359.13,336.00,89.44,308,1084
27200,343.83,324.00,75.46,300,1028
27264,343.04,324.00,77.23,296,1036
27328,369.90,328.00,720.64,296,22972
27392,335.55,320.00,77.36,272,1092
27456,430.96,328.00,2512.48,300,79792
27520,359.44,340.00,86.14,292,1000
27584,349.34,324.00,103.84,232,1052
27648,404.08,316.00,2087.00,268,66312
27712,365.96,328.00,531.13,264,16900
27776,347.45,324.00,93.21,260,1100
27840,363.79,340.00,95.30,264,1380
27904,369.01,324.00,609.42,296,19368
27968,346.36,328.00,85.32,300,1144
28032,346.38,328.00,83.66,300,1096
28096,337.84,320.00,80.45,268,1236
28160,346.06,328.00,80.56,300,984
28224,356.99,336.00,87.07,284,1032
28288,349.02,328.00,85.58,204,1036
28352,354.66,324.00,109.21,248,1028
28416,351.27,328.00,86.73,276,1012
28480,341.64,316.00,97.56,180,1100
28544,353.02,328.00,101.27,108,1036
28608,355.58,336.00,85.04,308,1064
28672,391.02,340.00,742.65,308,18764
28736,343.45,324.00,81.87,272,972
28800,366.17,328.00,457.25,300,14500
28864,367.63,316.00,706.68,276,22432
28928,361.69,324.00,425.21,292,13464
28992,362.10,340.00,91.84,308,1096
29056,349.82,328.00,97.23,276,1080
29120,358.14,336.00,91.09,244,1040
29184,354.01,328.00,98.55,300,1116
29248,339.35,320.00,92.18,204,1272
29312,351.66,328.00,83.86,268,1032
29376,338.37,316.00,86.58,264,1016
29440,348.26,328.00,82.89,288,1048
29504,345.91,324.00,89.12,296,1172
29568,351.72,328.00,90.88,280,1096
29632,369.14,316.00,1030.87,216,32844
29696,341.00,324.00,77.47,268,1092
29760,358.54,340.00,81.29,188,1032
29824,372.17,328.00,646.50,272,20580
29888,365.94,324.00,709.31,276,22640
29952,360.83,340.00,92.44,308,1104
30016,349.15,324.00,97.19,264,1008
30080,371.23,336.00,471.86,308,15016
30144,344.85,328.00,76.78,276,1160
30208,342.31,316.00,93.65,260,1148
30272,354.37,328.00,98.88,276,1064
30336,335.38,320.00,74.93,236,996
30400,350.83,328.00,93.98,268,1568
30464,346.37,324.00,86.06,264,1348
30528,347.20,328.00,76.11,276,1120
30592,337.52,320.00,80.53,196,1032
30656,362.55,328.00,385.27,200,12220
30720,381.19,336.00,716.27,308,22848
30784,347.21,328.00,86.12,276,1052
30848,345.83,324.00,79.18,156,1000
30912,351.12,328.00,92.02,220,1084
30976,335.96,316.00,75.80,260,1000
31040,346.86,328.00,82.14,300,1216
31104,339.80,318.00,90.05,184,1152
31168,350.10,328.00,89.27,208,1016
31232,352.57,336.00,78.17,308,1384
31296,347.48,324.00,92.09,300,1092
31360,342.86,324.00,87.79,276,1180
31424,354.45,328.00,100.34,272,1052
31488,339.66,320.00,81.59,288,1048
31552,376.38,328.00,830.15,300,26484
31616,354.96,336.00,78.48,308,1112
31680,349.54,328.00,98.12,300,1044
31744,346.32,324.00,94.93,292,1032
31808,367.07,340.00,110.05,308,1448
31872,339.41,320.00,85.35,188,1012
31936,351.37,328.00,88.92,244,1064
32000,353.48,336.00,64.29,288,976
32064,341.73,324.00,79.96,296,1028
32128,348.37,324.00,96.16,296,1172
32192,495.64,340.00,2934.08,308,86640
32256,353.07,328.00,96.82,300,1060
32320,342.41,320.00,100.61,288,1132
32384,353.67,336.00,73.13,308,1064
32448,341.33,324.00,84.25,260,1032
32512,364.08,324.00,704.65,160,22532
32576,373.76,336.00,576.98,232,18404
32640,346.47,328.00,71.37,300,1004
32704,342.23,320.00,89.90,288,1048
32768,349.53,328.00,82.14,300,1036
32832,350.14,324.00,94.30,296,1088
32896,344.14,328.00,77.17,188,1004
32960,361.03,336.00,100.39,144,1208
33024,354.11,328.00,100.21,120,1524
33088,340.80,320.00,97.09,260,1024
33152,344.58,328.00,71.37,300,1096
33216,339.24,316.00,91.37,256,1096
33280,349.24,328.00,88.13,300,1096
33344,348.72,324.00,98.66,296,1060
33408,346.48,328.00,85.49,268,1048
33472,359.54,336.00,89.36,308,1056
33536,343.33,328.00,71.91,300,1044
33600,345.26,316.00,110.11,288,1360
33664,346.79,328.00,81.14,280,1016
33728,341.82,324.00,76.61,296,1028
33792,349.62,328.00,88.36,268,1008
33856,349.19,320.00,107.57,284,1228
33920,349.34,328.00,85.66,196,1016
33984,345.36,316.00,106.77,256,1108
34048,348.26,328.00,83.23,300,1036
34112,355.82,336.00,82.00,308,1052
34176,339.88,324.00,76.44,228,1016
34240,354.86,336.00,74.29,280,1108
34304,347.16,324.00,91.08,264,1200
34368,347.86,328.00,86.29,300,1116
34432,356.79,340.00,80.93,204,1048
34496,345.00,324.00,94.84,264,1144
34560,344.94,318.00,102.26,292,1040
34624,351.69,328.00,88.45,300,1172
34688,345.78,324.00,88.98,264,1016
34752,351.33,328.00,86.67,276,1008
34816,338.85,320.00,80.88,288,1004
34880,349.28,328.00,86.92,300,1148
34944,333.57,316.00,73.31,288,996
35008,350.99,328.00,95.34,300,1188
35072,355.13,336.00,82.89,308,1076
35136,355.43,328.00,100.39,300,1036
35200,361.08,340.00,89.95,308,1048
35264,344.04,324.00,86.65,292,1068
35328,336.22,316.00,81.37,268,1048
35392,351.52,328.00,93.88,300,1040
35456,344.84,324.00,89.18,208,1084
35520,362.51,340.00,97.07,288,1396
35584,355.26,336.00,81.28,308,1012
35648,352.40,328.00,98.74,248,1000
35712,341.69,316.00,94.67,288,1040
35776,350.21,328.00,90.51,300,1020
35840,372.01,324.00,879.89,296,28048
35904,350.41,328.00,94.60,300,1192
35968,357.46,336.00,92.17,308,1112
36032,348.15,324.00,90.30,168,1116
36096,336.63,320.00,80.51,144,1020
36160,347.47,328.00,79.80,300,1024
36224,346.60,328.00,81.07,288,1060
36288,335.08,316.00,79.11,280,1012
36352,344.51,324.00,89.57,292,1216
36416,362.64,340.00,96.23,280,1224
36480,350.25,328.00,91.89,156,1044
36544,431.66,336.00,2267.78,248,72044
36608,356.38,340.00,76.65,308,1008
36672,338.79,324.00,70.98,280,1020
36736,351.01,328.00,92.98,268,1016
36800,371.72,324.00,827.95,264,26392
36864,347.51,328.00,80.28,300,1104
36928,340.50,320.00,84.64,228,1016
36992,353.70,328.00,100.09,284,1152
37056,339.98,320.00,90.70,288,1448
37120,348.35,328.00,90.96,300,1472
37184,353.66,336.00,78.84,188,1008
37248,347.04,328.00,80.77,300,1048
37312,346.45,324.00,93.72,296,1092
37376,360.33,340.00,89.03,312,1164
37440,344.44,324.00,90.87,292,1096
37504,349.64,328.00,90.63,284,1124
37568,361.02,320.00,583.67,264,18564
37632,368.63,324.00,604.82,180,14056
37696,382.92,340.00,666.59,308,21228
37760,347.85,328.00,89.13,300,1108
37824,344.27,316.00,102.81,232,1100
37888,350.57,328.00,88.27,300,1016
37952,347.00,324.00,94.10,196,1168
38016,342.41,324.00,75.04,272,1004
38080,355.65,336.00,87.48,228,1032
38144,346.96,328.00,83.62,276,1032
38208,355.43,320.00,561.56,244,17868
38272,343.55,320.00,85.94,192,1012
38336,348.58,328.00,87.97,300,1096
38400,347.90,324.00,99.04,292,1196
38464,362.82,336.00,100.06,168,1196
38528,337.43,316.00,86.53,288,1204
38592,350.66,328.00,95.26,292,1392
38656,361.54,340.00,91.39,312,1120
38720,346.84,324.00,98.30,292,1160
38784,340.64,316.00,95.17,256,1124
38848,346.93,328.00,81.59,300,1236
38912,344.83,324.00,84.29,296,1016
38976,352.62,328.00,95.45,300,1164
39040,354.82,336.00,87.15,196,1128
39104,345.65,328.00,81.26,300,1032
39168,338.98,320.00,81.32,260,1116
39232,348.51,328.00,86.48,300,1068
39296,340.49,316.00,96.87,252,1468
39360,350.27,328.00,87.15,228,1044
39424,341.52,324.00,75.00,268,1048
39488,353.45,328.00,99.37,300,1152
39552,353.29,336.00,78.90,284,1024
39616,353.14,326.00,101.28,284,1032
39680,343.94,320.00,102.31,272,1044
39744,352.62,328.00,100.78,276,1232
39808,344.28,324.00,86.60,296,1164
39872,348.35,328.00,82.47,300,1136
39936,336.10,316.00,82.45,260,1472
40000,350.07,328.00,85.97,300,1116
40064,337.19,316.00,85.07,264,1024
40128,347.66,328.00,78.78,300,1008
40192,360.28,336.00,93.29,308,1048
40256,351.12,328.00,93.00,300,1008
40320,350.28,324.00,98.49,296,1064
40384,366.20,328.00,481.13,224,15304
40448,346.24,324.00,94.54,260,1028
40512,354.92,338.00,76.99,280,1316
40576,341.30,320.00,92.44,292,1068
40640,349.95,328.00,89.70,300,1424
40704,357.28,340.00,79.82,308,1028
40768,346.68,324.00,101.74,272,1024
40832,354.65,316.00,612.28,140,19564
40896,351.93,328.00,93.41,268,1144
40960,349.31,324.00,100.38,296,1140
41024,349.16,328.00,92.60,300,1408
41088,377.03,336.00,462.04,308,14592
41152,358.31,328.00,113.18,272,1148
41216,335.63,316.00,79.13,204,1028
41280,349.46,328.00,89.03,300,1008
41344,340.06,320.00,91.04,288,1376
41408,350.66,328.00,90.17,300,1096
41472,360.24,340.00,87.54,272,1056
41536,341.79,324.00,85.22,292,1112
41600,355.53,336.00,89.31,276,1052
41664,352.18,328.00,94.44,268,1012
41728,338.01,324.00,74.29,260,1360
41792,360.72,340.00,86.16,308,1340
41856,340.34,324.00,69.03,296,1040
41920,352.46,328.00,95.09,284,1040
41984,344.42,316.00,112.87,288,1828
42048,355.03,328.00,102.41,300,1040
42112,337.28,316.00,79.97,288,1168
42176,352.90,328.00,97.69,300,1128
42240,356.93,336.00,86.70,308,1128
42304,350.10,328.00,92.14,300,1100
42368,369.64,328.00,736.01,272,23500
42432,336.90,316.00,84.95,260,1040
42496,348.02,328.00,83.34,208,1108
42560,345.23,324.00,91.84,180,1160
42624,344.98,328.00,73.73,300,1060
42688,357.04,336.00,89.78,284,1328
42752,341.99,328.00,64.79,272,1000
42816,347.40,316.00,112.26,248,1088
42880,369.83,328.00,489.47,156,15504
42944,344.46,324.00,84.52,224,1396
43008,348.41,328.00,75.74,300,1048
43072,354.45,320.00,483.17,288,15336
43136,350.37,328.00,94.73,268,1056
43200,336.94,316.00,82.23,260,1028
43264,346.11,324.00,83.91,300,1040
43328,356.18,336.00,86.27,180,1028
43392,346.76,328.00,79.83,208,1008
43456,342.32,324.00,80.68,172,1020
43520,371.86,340.00,539.18,308,17252
43584,342.76,324.00,88.62,292,1112
43648,346.74,328.00,78.79,300,1040
43712,342.22,316.00,97.26,288,1416
43776,347.56,324.00,93.36,292,1112
43840,373.98,340.00,454.42,280,14456
43904,343.62,328.00,67.39,272,1024
43968,339.15,316.00,90.05,284,988
44032,368.82,328.00,527.67,300,16768
44096,348.23,324.00,95.59,296,1376
44160,346.80,328.00,83.59,280,1200
44224,357.42,336.00,88.08,280,1148
44288,345.72,328.00,76.72,300,1024
44352,338.13,320.00,82.22,288,1020
44416,351.44,336.00,71.87,292,1076
44480,365.91,344.00,89.46,276,1064
44544,359.82,340.00,86.96,196,1100
44608,351.28,328.00,105.16,288,1384
44672,352.04,340.00,72.63,300,1052
44736,347.43,328.00,84.64,256,1064
44800,352.30,340.00,73.00,208,1016
44864,378.15,336.00,798.10,296,25468
44928,348.86,340.00,59.70,160,1188
44992,376.22,328.00,875.75,264,27888
45056,351.93,332.00,86.06,168,1064
45120,374.74,352.00,99.14,308,1120
45184,371.58,340.00,478.74,300,15260
45248,371.51,332.00,634.51,296,20248
45312,369.31,348.00,87.05,288,1244
45376,363.38,332.00,115.21,196,1228
45440,358.20,336.00,95.83,268,1324
45504,344.77,328.00,75.01,288,1000
45568,351.78,336.00,75.64,252,996
45632,380.81,344.00,417.80,180,13212
45696,352.33,336.00,78.39,300,1044
45760,354.25,336.00,86.00,172,1024
45824,354.10,340.00,78.22,300,1032
45888,343.72,328.00,80.95,288,1104
45952,352.26,336.00,76.57,300,1124
46016,371.29,344.00,103.84,308,1236
46080,367.50,348.00,90.80,276,1064
46144,346.78,332.00,78.66,280,1044
46208,378.88,340.00,591.68,284,18836
46272,348.59,328.00,90.74,288,1276
46336,389.80,336.00,902.05,292,21264
46400,370.03,352.00,92.43,308,1124
46464,349.24,328.00,91.63,260,1300
46528,358.16,336.00,89.99,272,1024
46592,391.44,346.00,821.82,308,26196
46656,355.81,336.00,84.67,244,1112
46720,354.50,336.00,84.06,288,1032
46784,356.14,340.00,85.45,288,1060
46848,347.65,328.00,93.68,288,1092
46912,384.05,340.00,731.98,288,23340
46976,368.08,348.00,92.63,300,1204
47040,357.93,336.00,95.62,240,1108
47104,350.70,332.00,76.72,296,1032
47168,368.40,348.00,86.98,308,1092
47232,346.42,328.00,87.51,288,1032
47296,362.95,340.00,100.93,220,1220
47360,364.73,348.00,82.85,284,1304
47424,354.75,332.00,91.42,216,1060
47488,363.33,344.00,83.62,308,1008
47552,358.99,336.00,100.24,300,1132
47616,352.21,328.00,103.19,288,1324
47680,354.29,340.00,77.86,300,1024
47744,357.60,328.00,437.27,292,13964
47808,358.84,340.00,88.80,276,1024
47872,508.14,336.00,4380.78,296,137952
47936,361.28,336.00,200.26,300,6188
48000,343.14,328.00,74.11,208,1012
48064,357.28,336.00,82.97,296,1032
48128,365.25,348.00,84.14,276,1040
48192,356.24,336.00,92.92,300,1328
48256,370.63,336.00,670.70,296,21420
48320,365.30,340.00,105.28,140,1140
48384,343.16,328.00,77.02,276,1052
48448,364.18,340.00,100.24,212,1176
48512,357.58,340.00,84.07,300,1096
48576,354.66,336.00,85.83,132,1032
48640,389.13,340.00,661.31,300,15996
48704,347.36,328.00,86.54,156,1172
48768,359.75,340.00,95.03,300,1168
48832,349.30,328.00,88.46,184,984
48896,352.32,336.00,77.95,268,1012
48960,361.85,344.00,81.47,292,1104
49024,366.54,348.00,84.70,280,1068
49088,353.55,332.00,94.18,184,1044
49152,357.18,340.00,86.45,272,1052
49216,352.73,332.00,85.62,284,1156
49280,375.51,332.00,734.97,260,23420
49344,365.91,348.00,84.38,276,1076
49408,371.24,338.00,488.79,280,15540
49472,347.24,328.00,89.94,292,1064
49536,363.53,340.00,171.29,300,4972
49600,349.01,328.00,92.79,288,1208
49664,357.52,340.00,83.45,300,1236
49728,359.30,336.00,95.11,296,1132
49792,353.27,336.00,79.11,208,1284
49856,364.66,348.00,82.08,308,1040
49920,356.82,340.00,83.73,300,1068
49984,350.36,328.00,95.47,292,1012
50048,353.47,332.00,89.56,260,1052
50112,369.27,348.00,92.31,308,1052
50176,358.70,340.00,93.49,216,1216
50240,348.44,328.00,91.56,288,1020
50304,374.01,348.00,110.12,288,1180
50368,372.41,332.00,534.25,260,16972
50432,356.25,336.00,87.72,300,1100
50496,372.96,348.00,104.98,280,1156
50560,349.41,328.00,98.35,288,1088
50624,360.68,340.00,91.77,300,1312
50688,352.81,332.00,95.20,260,1092
50752,360.96,336.00,98.60,300,1044
50816,372.16,344.00,436.28,252,14008
50880,360.54,336.00,104.36,300,1256
50944,340.02,328.00,66.74,128,1012
51008,360.57,336.00,95.13,276,1116
51072,377.86,332.00,741.68,296,23620
51136,356.11,336.00,90.81,164,1044
51200,342.03,328.00,72.83,288,964
51264,357.49,340.00,91.61,300,1248
51328,343.67,328.00,75.11,288,1036
51392,360.37,340.00,95.20,300,1032
51456,365.96,344.00,98.85,280,1252
51520,356.01,336.00,94.82,268,1108
51584,360.42,336.00,250.77,296,7784
51648,363.40,340.00,104.65,300,1132
51712,364.65,328.00,510.18,216,16240
51776,359.47,340.00,92.56,300,1120
51840,369.21,328.00,684.21,288,21820
51904,357.90,340.00,96.26,236,1316
51968,363.04,346.00,84.53,240,1112
52032,373.06,336.00,650.84,300,20776
52096,352.51,332.00,98.47,272,1524
52160,371.43,348.00,99.30,204,1348
52224,353.12,332.00,87.42,188,996
52288,361.34,340.00,98.69,300,1052
52352,369.19,348.00,90.43,308,1208
52416,357.14,332.00,101.65,180,1240
52480,347.92,328.00,93.38,212,1132
52544,373.00,340.00,397.01,292,12512
52608,362.21,344.00,82.56,276,1076
52672,353.90,336.00,85.36,176,1056
52736,348.38,328.00,93.16,260,1140
52800,377.60,336.00,534.37,300,16972
52864,342.04,328.00,74.89,288,1216
52928,360.98,340.00,98.47,300,1128
52992,352.19,336.00,88.22,296,1476
53056,355.26,336.00,84.40,300,1040
53120,344.10,328.00,84.23,272,1396
53184,355.94,336.00,87.89,288,1008
53248,365.55,348.00,86.56,180,1036
53312,351.61,332.00,85.41,264,1016
53376,369.89,336.00,574.87,288,18348
53440,380.02,336.00,759.94,284,24240
53504,370.75,332.00,657.37,144,20972
53568,366.03,348.00,84.82,276,1312
53632,349.93,328.00,97.50,232,1248
53696,357.55,336.00,93.02,264,1048
53760,366.48,344.00,94.77,292,1080
53824,357.07,336.00,93.66,276,1108
53888,352.10,336.00,87.19,268,1256
53952,353.10,336.00,76.98,300,1020
54016,346.06,328.00,91.00,264,1084
54080,361.78,340.00,99.65,300,1036
54144,367.40,344.00,93.74,132,1048
54208,356.31,336.00,97.56,288,1504
54272,354.83,332.00,101.66,264,1272
54336,371.04,348.00,93.56,308,1104
54400,359.47,328.00,458.11,164,14572
54464,362.78,340.00,114.94,280,2128
54528,392.52,348.00,796.79,192,25424
54592,348.82,332.00,80.45,264,1120
54656,377.31,340.00,689.37,300,22000
54720,346.37,328.00,87.84,288,1400
54784,354.50,336.00,87.49,160,1068
54848,360.99,344.00,78.43,236,1044
54912,355.78,340.00,81.83,268,1100
54976,354.17,332.00,97.54,276,1444
55040,356.37,340.00,88.83,172,1124
55104,350.69,328.00,103.55,264,1500
55168,353.27,336.00,79.60,280,1036
55232,364.09,344.00,88.70,284,1420
55296,375.58,348.00,111.51,192,1196
55360,369.25,332.00,716.07,260,22880
55424,349.43,336.00,64.21,268,1016
55488,352.04,328.00,100.87,256,1040
55552,351.78,332.00,93.00,200,1164
55616,414.86,348.00,1104.43,220,29100
55680,354.22,336.00,82.33,172,1068
55744,386.26,344.00,749.70,212,23928
55808,357.09,336.00,89.07,160,1020
55872,344.03,328.00,76.37,272,996
55936,377.16,340.00,725.22,268,23140
56000,353.32,328.00,109.98,256,1116
56064,355.80,340.00,83.53,272,1004
56128,354.50,332.00,97.61,256,1328
56192,358.87,336.00,91.18,292,1056
56256,346.82,328.00,86.36,264,1100
56320,353.49,336.00,87.10,268,1120
56384,365.35,344.00,88.19,296,1016
56448,356.33,336.00,84.89,272,1192
56512,349.88,332.00,82.92,156,1236
56576,353.42,340.00,75.87,204,1148
56640,347.47,328.00,88.32,264,1168
56704,355.42,336.00,82.89,300,1040
56768,469.57,328.00,3905.35,288,123880
56832,354.84,336.00,81.82,224,1112
56896,366.73,344.00,94.84,180,1048
56960,352.48,340.00,71.63,268,1092
57024,355.70,332.00,99.81,284,1380
57088,351.70,340.00,66.03,276,968
57152,344.06,328.00,85.75,196,1024
57216,355.53,336.00,86.24,172,992
57280,359.66,344.00,73.06,284,1028
57344,378.19,340.00,711.41,300,22716
57408,344.20,328.00,81.35,264,1088
57472,356.12,340.00,82.02,228,1064
57536,349.96,328.00,97.09,288,1152
57600,352.45,336.00,72.02,280,1136
57664,353.90,336.00,89.72,264,1044
57728,354.80,336.00,86.73,268,1060
57792,365.90,344.00,94.12,276,1168
57856,371.77,348.00,94.86,308,1080
57920,353.53,332.00,94.90,188,1008
57984,355.93,340.00,87.08,280,1408
58048,368.70,328.00,617.43,260,19672
58112,345.90,332.00,67.14,264,1156
58176,373.07,348.00,100.26,200,1112
58240,359.53,338.00,93.41,300,1068
58304,350.26,328.00,96.32,272,1088
58368,359.18,336.00,93.79,272,996
58432,368.14,348.00,98.01,276,1264
58496,355.84,340.00,83.81,272,1020
58560,362.38,336.00,111.79,260,1176
58624,358.18,340.00,96.20,268,1528
58688,349.06,328.00,95.64,256,1040
58752,361.54,344.00,79.87,276,1132
58816,353.12,336.00,78.51,280,1228
58880,348.14,332.00,82.43,292,1120
58944,390.51,348.00,757.87,312,24212
59008,343.57,328.00,82.63,136,1088
59072,353.62,340.00,82.94,268,1508
59136,365.20,348.00,82.95,148,1168
59200,354.86,332.00,91.48,292,996
59264,338.48,328.00,61.94,200,1060
59328,354.40,336.00,76.86,272,1216
59392,368.72,348.00,98.94,308,1120
59456,355.10,336.00,90.19,268,1372
59520,355.04,336.00,94.01,276,1428
59584,360.13,340.00,97.97,212,1148
59648,347.27,328.00,94.27,264,1192
59712,363.00,340.00,104.93,272,1100
59776,342.60,328.00,74.43,136,1000
59840,352.28,336.00,75.20,268,1040
59904,368.13,348.00,91.83,288,1152
59968,355.46,332.00,101.69,200,1348
60032,349.74,332.00,86.50,232,1132
60096,369.74,340.00,413.33,196,13116
60160,350.78,332.00,80.77,284,1012
60224,374.40,348.00,108.34,296,1056
60288,364.70,344.00,83.24,308,1040
60352,355.16,336.00,87.34,228,1040
60416,353.98,328.00,106.22,244,1048
60480,354.26,336.00,92.25,144,1428
60544,344.81,328.00,81.24,196,1036
60608,378.46,340.00,618.89,208,19724
60672,354.09,336.00,92.99,296,1276
60736,383.15,340.00,838.65,272,26728
60800,350.25,328.00,93.43,272,1116
60864,352.41,336.00,76.80,144,992
60928,371.35,344.00,106.30,244,1148
60992,354.52,336.00,86.67,300,1096
61056,352.64,336.00,87.01,264,1088
61120,355.88,340.00,83.61,176,1048
61184,346.76,328.00,90.15,260,1020
61248,356.34,340.00,75.91,300,1208
61312,368.20,344.00,101.16,288,1424
61376,351.90,336.00,80.18,216,1028
61440,348.43,328.00,105.53,288,2332
61504,348.94,336.00,67.15,300,1104
61568,341.82,328.00,75.35,264,980
61632,373.38,340.00,363.48,220,11408
61696,366.77,332.00,461.88,276,14692
61760,362.38,340.00,103.37,268,1076
61824,365.96,348.00,78.90,276,1008
61888,359.45,340.00,99.06,288,1032
61952,351.41,328.00,93.66,292,1020
62016,356.02,340.00,85.48,236,1184
62080,338.80,328.00,66.71,260,1088
62144,355.94,340.00,80.24,272,1120
62208,352.72,336.00,88.33,296,1100
62272,352.40,336.00,82.19,252,1352
62336,363.78,328.00,711.74,264,22740
62400,401.70,336.00,1476.02,300,46984
62464,365.32,348.00,79.60,308,1020
62528,350.18,332.00,87.87,196,1044
62592,353.04,336.00,88.47,264,1036
62656,361.57,336.00,99.35,268,1140
62720,353.28,332.00,94.13,268,1100
62784,387.34,348.00,654.71,240,20876
62848,353.94,336.00,88.98,300,1020
62912,366.04,344.00,97.59,304,1080
62976,357.39,336.00,91.06,300,1120
63040,346.28,328.00,89.90,288,1160
63104,357.10,340.00,84.72,300,1040
63168,346.32,328.00,91.68,268,1520
63232,357.03,336.00,88.86,300,1032
63296,350.96,332.00,85.32,296,1012
63360,371.91,336.00,533.06,300,17016
63424,346.44,328.00,83.29,288,976
63488,351.28,332.00,92.42,256,1372
63552,368.06,348.00,92.54,144,1084
63616,360.00,336.00,100.19,300,1152
63680,358.77,332.00,106.07,188,1236
63744,424.64,348.00,1859.14,308,59132
63808,352.21,332.00,89.53,248,1056
63872,372.08,336.00,620.20,192,19796
63936,365.74,328.00,620.47,268,19764
64000,350.81,336.00,77.86,300,1220
64064,364.12,344.00,86.98,308,1156
64128,352.95,336.00,80.38,188,1116
64192,353.29,336.00,88.72,260,1220
64256,352.39,340.00,71.94,300,1036
64320,350.10,328.00,98.08,192,1052
64384,360.12,336.00,95.64,208,1092
64448,366.06,344.00,89.51,308,1040
64512,369.28,352.00,91.24,304,1132
64576,351.90,332.00,91.24,296,1100
64640,360.85,340.00,95.98,300,1056
64704,364.66,328.00,482.04,212,15288
64768,370.24,332.00,603.24,292,19220
64832,370.24,348.00,96.46,192,1124
64896,369.63,348.00,91.29,308,1152
64960,349.59,332.00,80.32,248,1012
65024,346.04,328.00,84.09,288,1028
65088,356.46,340.00,88.34,268,1056
65152,350.54,332.00,83.44,268,1144
65216,366.89,348.00,91.41,208,1252
65280,367.49,348.00,95.53,308,1108
65344,375.40,336.00,535.74,276,17044
65408,349.04,328.00,92.83,260,1036
65472,377.65,340.00,501.26,300,15920
